PreprocessorDefinitions=
Techniques=ContrastAdaptiveSharpen@CAS.fx,SMAA@SMAA.fx,HDR@FakeHDR.fx,Technicolor2@Technicolor2.fx,Tonemap@Tonemap.fx,Vignette@Vignette.fx

[CAS.fx]
Contrast=0.000000
Sharpening=1.000000

[FakeHDR.fx]
HDRPower=1.300000
radius1=0.793000
radius2=0.870000

[SMAA.fx]
CornerRounding=25
DebugOutput=0
DepthEdgeDetectionThreshold=0.010000
EdgeDetectionThreshold=0.100000
EdgeDetectionType=1
MaxSearchSteps=32
MaxSearchStepsDiagonal=16
PredicationEnabled=0
PredicationScale=2.000000
PredicationStrength=0.400000
PredicationThreshold=0.010000

[Technicolor2.fx]
Brightness=1.000000
ColorStrength=0.200000,0.200000,0.200000
Saturation=1.000000
Strength=1.000000

[Tonemap.fx]
Bleach=0.000000
Defog=0.000000
Exposure=0.000000
FogColor=0.000000,0.000000,1.000000
Gamma=0.834000
Saturation=-0.457000

[Vignette.fx]
Amount=-1.000000
Center=0.500000,0.500000
Radius=2.000000
Ratio=1.000000
Slope=2
Type=0

